function T = hole_S()
% ISO 286-2 fundamental deviation S for holes (Table 12)
% Values are upper deviation ES in micrometers (um)
% IT-dependent table: columns correspond to S3, S4, S5, S6, S7, S8, S9, S10
% Size range: 0 ~ 3150 mm

T.sizeRanges = [
    0, 3;
    3, 6;
    6, 10;
    10, 18;
    18, 30;
    30, 50;
    50, 65;
    65, 80;
    80, 100;
    100, 120;
    120, 140;
    140, 160;
    160, 180;
    180, 200;
    200, 225;
    225, 250;
    250, 280;
    280, 315;
    315, 355;
    355, 400;
    400, 450;
    450, 500;
    500, 560;
    560, 630;
    630, 710;
    710, 800;
    800, 900;
    900, 1000;
    1000, 1120;
    1120, 1250;
    1250, 1400;
    1400, 1600;
    1600, 1800;
    1800, 2000;
    2000, 2240;
    2240, 2500;
    2500, 2800;
    2800, 3150;
    ];

T.itGrades = [3, 4, 5, 6, 7, 8, 9, 10];

T.values = [
    -14,  -14,  -14,  -14,  -14,  -14,  -14,  -14;
    -18,  -17.5, -18,  -16,  -15,  -19,  -19,  -19;
    -22,  -21.5, -21,  -20,  -17,  -23,  -23,  -23;
    -27,  -26,  -25,  -25,  -21,  -28,  -28,  -28;
    -33.5, -33,  -32,  -31,  -27,  -35,  -35,  -35;
    -41.5, -40,  -39,  -38,  -34,  -43,  -43,  -43;
    nan,  nan,  -48,  -47,  -42,  -53,  -53,  nan;
    nan,  nan,  -54,  -53,  -48,  -59,  -59,  nan;
    nan,  nan,  -66,  -64,  -58,  -71,  -71,  nan;
    nan,  nan,  -74,  -72,  -66,  -79,  -79,  nan;
    nan,  nan,  -86,  -85,  -77,  -92,  -92,  nan;
    nan,  nan,  -94,  -93,  -85,  -100, -100, nan;
    nan,  nan,  -102, -101, -93,  -108, -108, nan;
    nan,  nan,  -116, -113, -105, -122, -122, nan;
    nan,  nan,  -124, -121, -113, -130, -130, nan;
    nan,  nan,  -134, -131, -123, -140, -140, nan;
    nan,  nan,  -151, -149, -138, -158, -158, nan;
    nan,  nan,  -163, -161, -150, -170, -170, nan;
    nan,  nan,  -183, -179, -169, -190, -190, nan;
    nan,  nan,  -201, -197, -187, -208, -208, nan;
    nan,  nan,  -225, -219, -209, -232, -232, nan;
    nan,  nan,  -245, -239, -229, -252, -252, nan;
    nan,  nan,  nan,  -280, -280, -280, nan,  nan;
    nan,  nan,  nan,  -310, -310, -310, nan,  nan;
    nan,  nan,  nan,  -340, -340, -340, nan,  nan;
    nan,  nan,  nan,  -380, -380, -380, nan,  nan;
    nan,  nan,  nan,  -430, -430, -430, nan,  nan;
    nan,  nan,  nan,  -470, -470, -470, nan,  nan;
    nan,  nan,  nan,  -520, -520, -520, nan,  nan;
    nan,  nan,  nan,  -580, -580, -580, nan,  nan;
    nan,  nan,  nan,  -640, -640, -640, nan,  nan;
    nan,  nan,  nan,  -720, -720, -720, nan,  nan;
    nan,  nan,  nan,  -820, -820, -820, nan,  nan;
    nan,  nan,  nan,  -920, -920, -920, nan,  nan;
    nan,  nan,  nan,  -1000, -1000, -1000, nan, nan;
    nan,  nan,  nan,  -1100, -1100, -1100, nan, nan;
    nan,  nan,  nan,  -1250, -1250, -1250, nan, nan;
    nan,  nan,  nan,  -1400, -1400, -1400, nan, nan;
    ];
end
