function T = shaft_s()
% ISO 286-2 fundamental deviation s for shafts (Table 28)
% Values are lower deviation ei in micrometers (um)
% Size range: 0 ~ 3150 mm

T.sizeRanges = [
    0, 3;
    3, 6;
    6, 10;
    10, 18;
    18, 30;
    30, 50;
    50, 65;
    65, 80;
    80, 100;
    100, 120;
    120, 140;
    140, 160;
    160, 180;
    180, 200;
    200, 225;
    225, 250;
    250, 280;
    280, 315;
    315, 355;
    355, 400;
    400, 450;
    450, 500;
    500, 560;
    560, 630;
    630, 710;
    710, 800;
    800, 900;
    900, 1000;
    1000, 1120;
    1120, 1250;
    1250, 1400;
    1400, 1600;
    1600, 1800;
    1800, 2000;
    2000, 2240;
    2240, 2500;
    2500, 2800;
    2800, 3150;
    ];

T.values = [
    14;
    19;
    23;
    28;
    35;
    43;
    53;
    59;
    71;
    79;
    92;
    100;
    108;
    122;
    130;
    140;
    158;
    170;
    190;
    208;
    232;
    252;
    280;
    310;
    340;
    380;
    430;
    470;
    520;
    580;
    640;
    720;
    820;
    920;
    1000;
    1100;
    1250;
    1400;
    ];
end
